% This is a graph.

n 20 300 0
n 200 300 1
n 200 200 2
n 200 400 3
n 380 300 4
n 380 200 5
n 380 400 6
n 380 100 7
n 380 500 8
n 560 300 9
n 560 200 10
n 560 400 11
n 560 100 12

e 7 10 0 1
e 7 12 1 1
e 7 5 2 1
e 5 7 3 0
e 5 2 4 1
e 5 10 5 0
e 5 1 6 1
e 12 7 7 1
e 12 10 8 6
e 10 5 9 1
e 10 12 10 0
e 10 4 11 1
e 10 9 12 4
e 9 6 13 2
e 9 10 14 0
e 9 11 15 2
e 11 9 16 0
e 11 8 17 2
e 8 11 18 0
e 8 3 19 2
e 3 0 20 2
e 3 8 21 0
e 3 6 22 2
e 6 9 23 0
e 6 3 24 0
e 6 1 25 2
e 4 10 26 1
e 4 1 27 1
e 1 5 28 1
e 1 6 29 0
e 1 4 30 1
e 1 0 31 4
e 2 5 32 1
e 2 0 33 1
e 0 3 34 0
e 0 1 35 0
e 0 2 36 1

% End of graph
