%% Nodes

 %%guests
n 180 40 0
n 180 100 1
n 180 160 2
n 180 220 3
n 180 280 4
n 180 340 5
n 180 400 6
n 180 460 7
n 180 520 8
n 180 580 9

%%hosts 
n 380 40 10
n 380 100 11
n 380 180 12
n 380 260 13
n 380 340 14
n 380 420 15
n 380 500 16

%% Edges (arcs)

%%guests to hosts 
e 0 11 17 1
e 0 15 18 1 
e 1 10 19 1
e 2 10 20 1 
e 3 11 21 1 
e 3 15 22 1 
e 3 16 23 1 
e 4 12 24 1
e 4 13 25 1 
e 4 14 26 1 
e 5 16 27 1
e 6 12 28 1
e 6 13 29 1
e 6 14 30 1 
e 7 11 31 1
e 7 15 32 1
e 8 11 33 1 
e 8 15 34 1 
e 9 12 35 1
e 9 15 36 1

%% Capacities 

%%guests 
c 0 1
c 1 1
c 2 1
c 3 1
c 4 1
c 5 1
c 6 1
c 7 1
c 8 1
c 9 1

%%hosts
c 10 1
c 11 3
c 12 2
c 13 1
c 14 1
c 15 2
c 16 1 
